Generacja: 0
020000000000001
120000001001001
001000001000000
001000100010000
000001001010100
000000110010000
001000120100000
001002000002000
000010110001000
000001100001000
000010000101000
000000020010000
000100010001000
000010001000000
110000000000001
000000000100000

Generacja: 1
111000000000001
101000001001001
111000011100000
001000110111000
000001111111100
000001111111000
001011101111100
001110111010000
000011210011100
000012210011100
000011111111000
000000101021000
000100011001000
100010001000000
110000000000001
110000000100001

Generacja: 2
022000000000012
202100012101002
222100122211001
011001220222100
000002000002200
000012000000100
001122202022100
001221112120100
000111111122200
000111021120200
000022222111100
000011202102100
000100022111000
210010011000001
220000000000002
021000000100012

